# Sample XRD data for quartz with error bars (XYE format)
# 2theta(deg) Intensity(counts) Error(counts)
20.85	1250	35
21.00	1180	34
21.15	1320	36
21.30	1450	38
21.45	1680	41
21.60	1920	44
21.75	2150	46
21.90	2380	49
22.05	2620	51
22.20	2850	53
22.35	3080	55
22.50	3300	57
22.65	3520	59
22.80	3740	61
22.95	3950	63
23.10	4160	64
23.25	4370	66
23.40	4580	68
23.55	4780	69
23.70	4980	71
23.85	5180	72
24.00	5380	73
24.15	5570	75
24.30	5760	76
24.45	5950	77
24.60	6140	78
24.75	6320	79
24.90	6500	81
25.05	6680	82
25.20	6850	83
25.35	7020	84
25.50	7190	85
25.65	7360	86
25.80	7520	87
25.95	7680	88
26.10	7840	89
26.25	8000	89
26.40	8150	90
26.55	8300	91
26.70	8450	92
26.85	8600	93
27.00	8750	94
27.15	8890	94
27.30	9030	95
27.45	9170	96
27.60	9300	96
27.75	9430	97
27.90	9560	98
28.05	9690	98
28.20	9810	99
28.35	9930	100
28.50	10050	100
28.65	10160	101
28.80	10270	101
28.95	10380	102
29.10	10480	102
29.25	10580	103
29.40	10680	103
29.55	10770	104
29.70	10860	104
29.85	10950	105
30.00	11030	105
